- Wave Lab
- Date: 2022-11-09 18:11:20
- Duration: 15.00 s

99
99
99
100
99
100
99
98
98
99
98
98
98
98
99
98
98
99
99
99
99
99
99
99
99
99
99
100
100
100
99
99
100
99
100
100
100
100
99
100
100
101
99
100
101
99
100
100
100
100
100
99
99
99
100
100
99
99
99
99
99
99
99
99
99
99
100
99
99
99
99
99
99
99
100
99
99
99
99
99
99
99
99
100
99
99
99
99
99
99
100
99
100
99
99
99
100
100
99
99
99
99
100
99
99
99
99
99
99
99
98
98
98
98
99
98
99
99
99
98
99
99
98
99
99
98
99
98
98
99
98
99
99
99
98
99
99
99
99
99
99
99
99
99
99
99
99
99
99
99
99
99
99
99
99
100
99
99
99
99
99
99
99
99
99
99
99
99
99
99
99
99
99
99
99
99
99
98
99
98
99
99
99
98
99
99
99
99
99
98
99
99
98
98
99
98
98
99
99
99
99
98
98
99
99
98
99
98
98
98
99
98
98
99
99
99
97
98
98
98
98
98
97
98
99
98
98
98
99
98
98
98
98
98
99
98
98
99
99
98
99
98
98
99
98
98
98
99
98
98
98
98
98
97
98
97
97
98
98
98
99
98
98
98
98
98
98
98
98
97
98
98
97
97
97
97
97
97
97
97
97
97
96
97
96
96
97
96
96
96
97
96
96
96
96
96
96
96
96
96
96
96
96
96
96
96
96
96
96
96
96
96
96
96
96
94
96
96
94
96
96
94
96
94
94
96
93
93
93
93
96
92
93
92
92
92
92
92
92
92
92
92
92
91
92
92
92
92
91
91
91
92
90
90
91
90
89
91
89
90
89
90
89
90
89
89
89
89
88
88
88
88
88
88
88
88
88
88
88
88
88
87
87
88
87
87
88
87
86
86
86
86
87
86
85
86
85
85
86
85
85
85
85
84
85
85
84
84
84
84
84
83
83
83
84
83
84
83
82
83
82
82
82
81
83
82
82
81
82
81
81
81
82
81
81
81
80
81
80
79
79
79
80
79
80
79
79
79
79
79
79
79
79
79
79
79
78
79
79
78
78
79
78
77
78
78
78
78
78
78
77
77
77
76
77
76
76
77
76
76
76
75
75
76
76
76
76
75
76
76
76
75
76
75
75
75
76
75
75
74
74
76
74
74
75
73
74
74
74
73
74
74
73
73
74
73
72
73
73
72
73
73
72
73
73
72
71
72
72
71
71
71
71
71
71
71
71
71
71
71
71
71
71
70
71
70
71
71
71
71
70
70
70
71
69
70
70
70
70
69
69
70
70
69
69
69
70
69
69
69
69
68
68
70
69
69
68
69
68
68
68
68
68
68
67
67
67
68
67
68
63
67
63
63
63
67
63
67
63
63
67
67
63
63
67
67
63
63
63
63
63
63
63
63
63
63
63
63
63
63
63
63
63
63
63
63
63
63
63
63
63
63
63
63
63
63
63
63
63
63
63
63
63
63
63
63
63
63
63
63
63
63
63
63
63
63
63
63
63
63
63
63
63
63
63
63
63
63
63
63
63
63
63
63
63
63
63
63
63
63
63
63
63
63
63
63
63
63
63
63
63
63
62
63
62
61
62
62
62
62
62
62
62
62
62
62
62
62
61
61
62
62
61
61
61
62
62
61
62
61
61
61
60
60
61
61
60
60
61
61
60
60
61
60
60
60
60
60
60
60
60
60
60
60
60
60
60
60
60
60
60
60
60
60
60
60
60
59
60
60
60
59
60
60
59
60
60
60
59
59
59
59
59
59
59
59
59
58
59
59
58
58
59
59
58
59
59
59
59
59
58
60
58
59
59
59
58
60
58
58
58
58
58
58
58
57
58
58
58
58
57
58
58
58
57
57
57
57
57
58
57
57
58
57
57
57
57
57
57
57
58
57
57
57
57
56
57
57
57
57
57
57
58
56
57
57
57
57
57
57
57
57
57
57
57
57
57
57
56
57
56
56
56
56
56
57
57
57
57
56
56
57
57
57
57
57
57
57
57
56
56
57
56
56
57
57
57
57
57
57
56
56
57
56
56
56
56
56
56
56
56
56
56
56
56
56
56
56
56
56
56
56
56
56
56
56
56
56
56
55
56
56
56
56
56
56
56
56
56
56
56
56
55
56
56
55
56
56
56
56
55
55
55
56
55
56
55
55
55
56
56
55
55
56
56
56
55
56
56
55
56
56
54
56
56
55
56
55
56
56
55
56
54
55
56
55
55
55
54
55
55
55
55
56
54
55
55
54
55
56
55
54
55
54
55
54
54
54
55
56
54
54
55
54
54
54
55
55
54
55
54
54
54
55
54
54
54
54
54
54
54
53
55
53
54
54
54
54
54
54
54
54
54
54
53
54
54
54
53
54
53
54
54
54
54
53
54
54
54
53
53
53
53
54
54
53
54
53
53
54
54
53
53
54
54
53
53
54
54
53
53
54
54
53
54
53
53
52
54
54
53
54
54
54
53
53
53
53
53
52
53
53
53
52
53
53
52
52
52
53
53
54
52
53
53
52
53
52
54
52
53
53
53
52
53
52
52
53
52
53
52
52
53
52
52
53
53
52
53
53
52
52
52
52
52
51
52
52
53
53
52
52
53
52
52
52
52
51
52
52
51
52
52
51
52
53
52
51
52
52
52
51
52
52
52
52
51
51
52
51
51
52
52
51
51
51
51
51
52
52
52
51
51
51
51
52
51
51
51
52
51
51
51
51
52
51
52
51
51
51
51
51
51
51
51
51
52
51
51
52
50
51
52
51
51
51
51
51
51
50
51
51
51
51
51
52
51
51
51
51
51
51
51
50
51
51
50
51
51
51
50
51
51
51
51
51
51
50
50
50
50
51
50
50
50
51
50
51
50
51
51
51
50
51
50
50
50
50
50
50
50
50
50
50
50
50
50
51
50
50
49
50
49
49
49
51
50
51
51
50
49
50
50
49
50
51
49
50
50
50
49
50
49
49
50
50
49
50
50
49
50
50
49
50
50
49
49
50
50
50
50
50
50
49
50
49
49
49
49
49
49
49
49
49
50
49
50
49
49
50
49
50
48
49
49
48
49
49
49
50
49
49
50
49
49
49
49
48
49
48
48
49
49
49
48
49
49
49
48
48
49
49
49
49
49
48
48
49
49
48
49
49
48
48
48
48
48
49
49
48
48
48
48
49
49
48
48
48
49
48
49
48
48
48
48
49
48
48
48
48
48
48
48
49
48
48
49
48
49
48
48
48
48
48
48
48
48
48
49
48
48
48
48
48
48
48
48
48
48
48
48
48
48
48
48
48
48
48
48
48
48
48
48
48
48
48
48
48
48
48
48
48
48
48
48
48
48
48
48
48
48
48
47
48
48
47
48
47
47
48
48
48
48
48
48
48
48
47
48
48
48
48
48
47
47
47
47
47
47
48
47
48
48
48
47
48
48
47
46
47
46
48
47
46
48
48
47
47
48
46
47
48
48
46
46
48
47
46
47
48
46
47
48
48
47
47
46
47
48
46
46
46
46
46
47
48
47
46
46
46
46
48
47
46
47
46
46
47
47
46
47
46
46
46
46
46
46
46
46
45
46
45
46
46
47
45
46
45
46
45
46
46
46
45
46
46
45
46
45
44
46
46
46
46
46
46
45
46
45
45
46
46
45
46
45
45
45
45
45
46
45
45
46
46
45
46
46
45
45
46
45
45
45
45
45
46
45
45
45
44
45
46
46
45
46
45
45
45
45
44
46
44
46
46
45
45
45
45
44
45
45
46
45
45
45
45
45
45
44
45
44
44
45
45
44
44
45
44
45
45
44
44
45
44
44
45
44
44
44
44
44
44
44
44
45
45
44
44
44
44
44
44
44
44
44
44
44
44
44
44
44
45
44
44
45
44
44
44
44
45
44
43
44
44
44
45
45
44
44
44
45
44
44
44
44
44
44
44
44
44
44
44
44
45
44
44
44
44
44
44
43
44
44
43
44
44
44
44
44
43
44
44
43
44
44
43
44
43
43
44
43
43
44
44
44
44
44
43
44
43
43
43
43
43
43
43
44
44
43
44
43
44
44
43
44
43
43
44
43
43
43
43
43
43
43
43
43
43
43
43
43
42
44
44
43
43
44
43
43
43
43
43
43
43
43
43
42
43
43
43
44
42
43
43
43
42
43
43
42
43
42
43
43
43
42
42
43
42
42
43
43
42
43
43
43
43
43
43
43
42
43
42
42
42
43
44
42
42
42
42
43
42
42
43
42
43
42
43
43
43
42
41
42
42
41
43
42
42
42
42
42
42
42
41
43
42
42
41
42
42
41
42
42
41
42
42
42
42
42
41
42
39
42
42
41
41
42
43
41
42
43
41
42
41
41
42
42
42
41
41
42
41
42
42
41
41
41
42
42
42
41
41
42
42
42
42
41
41
41
42
42
42
42
42
41
42
41
42
42
41
42
41
41
41
42
41
42
41
41
41
41
41
42
41
41
42
41
41
41
41
41
41
41
41
42
41
42
42
41
41
42
41
41
42
41
41
41
42
41
41
41
41
41
41
41
41
41
41
41
41
42
40
41
42
41
41
40
41
41
41
41
41
41
41
41
42
42
40
42
41
41
41
41
41
41
41
41
41
40
40
41
41
40
41
41
41
40
41
41
40
41
41
40
41
41
41
41
41
40
40
41
40
41
41
41
41
41
41
40
41
40
41
41
41
40
41
41
40
40
41
40
40
41
41
40
41
40
40
41
40
40
41
41
41
41
40
40
41
39
40
41
41
40
41
41
41
41
40
40
39
39
40
40
41
41
41
41
41
40
40
40
40
39
39
40
39
39
40
40
40
41
40
39
39
41
39
40
41
40
39
40
39
40
39
40
40
39
39
40
39
40
41
40
40
40
40
41
40
39
39
40
39
40
41
40
39
40
39
39
41
39
39
41
40
39
39
40
40
40
41
40
40
39
40
40
39
39
39
40
40
39
39
40
39
39
40
40
39
40
40
39
40
40
40
39
39
39
39
39
39
39
39
39
40
39
40
40
39
39
40
39
39
40
39
39
39
39
40
39
39
39
39
39
39
40
40
39
39
39
39
40
39
39
39
40
39
39
40
39
39
39
39
40
39
39
39
39
39
39
40
39
39
40
39
39
39
39
40
39
39
40
39
39
39
39
39
39
39
39
40
39
39
39
39
39
39
39
39
39
39
39
40
39
39
39
39
39
39
39
39
