- Wave Lab
- Date: 2022-11-09 18:08:42
- Duration: 15.00 s

117
117
116
117
117
116
118
115
116
115
117
117
117
116
118
116
117
116
117
117
116
116
116
116
117
118
117
117
117
118
117
117
117
117
118
117
117
117
117
118
117
117
117
117
116
116
117
117
117
117
117
117
117
117
117
117
117
117
116
117
116
116
116
116
116
116
116
116
116
116
116
115
116
117
117
116
116
116
116
117
116
116
116
116
116
116
116
116
116
116
116
116
116
116
116
116
115
115
115
115
116
115
115
116
115
115
115
115
115
115
115
115
115
115
114
115
115
115
114
115
114
115
114
115
114
114
114
114
114
113
114
114
114
114
113
114
113
114
113
113
113
113
112
113
113
111
112
113
112
112
112
112
112
113
112
112
112
112
112
112
112
112
112
112
112
112
112
112
112
111
111
112
112
110
110
110
112
110
110
109
108
110
112
109
110
109
109
108
108
108
108
108
108
108
108
108
108
107
108
108
107
108
107
108
107
106
106
107
106
107
106
105
106
106
106
106
106
106
105
105
105
104
105
104
104
104
104
104
104
104
103
103
103
103
103
103
103
103
103
103
103
103
103
102
102
101
102
102
102
101
101
101
101
101
100
100
100
100
100
99
99
99
101
99
100
99
99
99
99
98
99
100
99
99
98
98
98
97
98
97
98
97
98
97
97
97
97
96
96
97
96
97
97
96
96
96
96
96
96
96
96
96
96
96
96
96
96
96
95
96
96
96
96
96
96
96
96
93
93
93
94
93
93
93
93
93
92
92
92
92
92
92
92
92
92
92
91
91
91
91
92
90
90
90
90
89
90
91
90
89
90
89
90
89
89
89
89
89
89
89
88
89
88
88
89
88
88
88
88
88
88
89
88
88
88
88
87
86
87
88
87
87
87
86
86
86
87
86
86
85
86
85
85
86
85
86
86
85
85
86
85
85
85
85
85
85
84
84
84
83
84
84
84
84
83
84
83
83
84
84
83
83
82
83
83
83
83
82
82
82
82
82
82
83
82
82
82
82
81
81
82
81
82
82
82
82
81
79
80
81
80
81
81
80
80
80
80
80
80
79
79
79
79
79
79
79
80
79
79
79
79
79
79
79
79
79
78
79
79
79
79
79
78
78
79
79
79
79
78
79
78
78
78
78
77
78
78
77
78
78
77
77
77
77
77
77
77
78
77
77
77
77
77
77
77
77
77
77
77
76
76
76
76
76
76
76
76
75
75
75
75
76
75
75
75
75
75
75
75
74
75
75
75
74
74
75
75
74
74
74
74
73
74
74
73
74
74
73
73
74
73
73
73
73
73
72
72
72
73
73
72
73
73
73
73
72
72
73
72
72
71
73
72
71
72
71
72
71
72
71
71
71
71
71
71
71
71
71
71
70
71
71
71
71
71
71
71
71
71
70
71
71
70
71
71
71
70
71
71
70
70
71
70
70
70
70
71
70
70
70
70
70
69
69
70
69
70
70
69
70
70
69
70
69
69
69
69
69
68
70
68
70
69
69
68
69
69
69
68
69
69
67
69
68
67
68
67
68
68
68
68
67
68
68
69
68
67
63
68
67
68
67
68
63
67
67
63
63
67
63
67
67
63
67
67
63
68
63
63
67
63
63
63
63
63
63
66
63
63
63
63
63
67
63
63
63
63
63
63
63
63
63
63
63
63
63
63
63
63
63
63
63
63
63
63
63
63
63
63
63
63
63
63
63
63
63
63
63
63
63
63
63
63
63
63
63
63
63
63
63
63
63
63
63
63
63
63
63
63
63
63
63
63
63
63
63
63
63
63
63
63
63
63
63
63
63
63
63
63
63
63
63
63
63
64
63
63
63
63
63
63
63
63
63
63
63
63
63
63
63
63
63
63
63
63
63
63
63
63
63
63
63
63
63
63
63
63
63
63
63
63
63
63
63
62
63
63
62
63
63
63
63
63
63
63
63
63
63
62
63
63
62
63
62
63
62
63
62
62
63
63
62
62
63
63
63
62
62
62
62
63
62
61
62
62
62
62
61
62
63
62
62
62
62
62
62
62
61
61
62
61
62
62
61
62
62
61
62
62
61
61
62
61
62
61
61
62
61
61
61
61
62
61
61
61
61
61
61
61
61
62
60
60
62
60
61
61
60
60
61
60
60
61
60
60
60
61
60
60
60
60
60
60
61
61
61
60
59
60
60
60
60
60
60
60
60
60
60
60
60
60
60
60
60
60
60
60
60
59
60
59
60
60
59
60
60
60
59
60
60
59
60
60
58
59
59
60
59
59
60
59
59
60
59
58
60
59
58
59
59
60
59
59
59
59
60
58
59
60
59
59
59
59
58
59
58
58
58
59
58
57
58
58
58
58
57
58
58
58
57
58
60
57
58
58
58
58
57
58
57
57
57
57
57
57
57
57
57
58
57
57
58
57
57
57
58
57
57
57
57
57
57
57
57
56
57
57
56
57
57
57
56
56
57
57
57
56
56
57
56
57
56
57
56
56
57
57
56
57
57
57
57
57
56
57
56
56
56
56
57
56
57
56
56
56
56
56
56
56
55
56
56
56
56
56
56
56
56
56
56
56
56
56
56
56
55
56
56
56
56
56
56
55
56
56
56
55
56
56
54
56
55
55
56
56
55
56
56
55
54
56
56
55
55
54
54
55
56
54
54
56
54
55
54
55
55
54
54
56
55
55
55
54
55
54
54
54
55
54
54
54
54
54
55
54
55
54
54
54
54
54
54
54
54
54
54
54
53
53
55
54
53
54
54
54
54
54
53
53
54
54
53
54
54
53
54
53
53
54
53
53
54
54
54
53
54
53
53
53
54
53
54
53
53
53
53
52
54
53
53
52
53
54
53
52
53
53
52
53
53
52
53
52
53
53
53
52
54
53
54
53
52
53
53
52
52
52
53
53
53
53
53
53
53
52
53
52
52
52
53
52
53
53
52
52
53
52
52
52
52
52
53
52
52
53
52
51
52
52
52
52
52
52
52
52
53
51
52
52
52
52
52
51
52
52
51
51
52
51
52
51
51
51
52
51
51
52
52
51
52
51
51
51
51
51
51
51
51
51
51
52
51
51
51
52
51
52
52
51
51
51
51
51
51
51
51
51
51
51
51
51
51
51
51
51
51
51
51
51
51
51
51
51
51
51
51
51
51
50
51
51
51
51
51
51
51
51
50
51
51
51
51
50
51
51
50
50
50
50
51
50
50
51
50
51
51
50
51
50
50
50
50
50
49
49
50
50
51
50
51
50
50
50
50
50
51
50
50
50
50
49
50
50
49
50
50
52
49
50
51
49
49
50
50
49
50
50
50
49
50
49
50
50
49
50
50
49
49
49
50
49
50
49
49
49
49
49
49
49
50
49
49
50
50
49
49
50
49
49
49
49
49
49
49
49
49
48
50
49
49
48
49
49
49
49
50
49
49
49
49
49
49
49
49
49
50
48
49
49
49
49
49
50
49
48
49
48
48
49
49
49
48
49
49
49
49
48
48
48
48
48
49
48
48
48
48
48
48
49
48
48
49
48
48
49
48
48
48
48
49
48
48
48
49
48
48
48
48
48
49
48
48
48
48
48
48
48
48
48
48
48
48
48
48
48
48
48
48
48
48
48
48
48
48
48
48
48
48
48
48
48
48
48
48
48
48
48
48
48
48
48
48
48
48
48
47
48
48
48
48
49
48
48
48
48
48
48
48
48
48
48
48
48
48
48
48
48
48
48
48
48
48
48
48
48
48
48
48
48
48
48
48
48
48
48
48
48
48
48
48
48
48
48
48
48
46
47
47
48
48
47
48
47
48
48
48
48
48
47
48
46
47
48
48
46
48
48
46
48
48
48
47
48
46
46
48
48
48
46
46
47
47
48
48
47
48
48
46
47
48
46
47
47
46
47
46
46
48
46
46
46
46
48
46
46
46
46
46
47
46
47
46
47
46
47
46
47
46
47
46
46
48
47
46
47
46
46
46
46
45
48
46
45
46
46
46
46
46
46
46
47
46
46
46
46
45
46
46
46
47
46
46
45
46
45
45
46
46
46
46
46
46
45
46
45
45
46
46
45
46
46
45
46
46
45
46
45
46
45
46
45
46
45
46
45
46
45
46
45
45
45
45
45
45
45
46
45
44
46
46
45
45
46
45
45
46
46
45
45
46
45
45
45
45
44
45
45
46
45
45
44
46
45
45
45
45
45
45
45
45
45
45
45
44
46
45
45
45
46
45
45
44
45
45
45
45
45
45
45
45
45
45
44
44
45
45
44
45
44
44
44
45
44
45
45
45
45
45
44
44
45
44
45
44
44
44
44
45
45
44
45
45
45
44
45
44
44
45
44
44
45
45
44
44
44
44
45
44
44
45
44
44
44
44
45
44
44
45
44
44
44
45
44
44
44
45
44
44
45
44
44
44
44
44
44
44
44
44
44
44
43
44
44
44
44
44
44
44
45
44
43
44
45
44
43
44
44
44
44
44
44
44
44
44
44
44
44
44
44
44
45
44
44
44
44
44
44
44
44
44
43
44
44
44
44
44
43
44
44
44
44
44
43
43
44
43
44
44
44
44
43
44
43
44
44
44
44
43
44
44
44
43
42
43
43
43
43
44
44
44
43
44
44
44
44
44
43
43
43
44
43
43
43
44
44
44
44
43
44
43
43
43
43
43
44
43
44
44
44
43
44
44
44
43
44
43
43
44
43
43
43
43
43
42
43
43
43
43
44
43
43
44
43
43
44
44
43
43
43
43
43
43
43
43
43
43
43
43
42
42
42
43
43
43
43
43
43
44
43
43
43
43
43
42
42
42
42
43
43
43
42
42
43
42
43
42
43
42
42
43
42
42
44
42
42
43
42
43
43
42
42
44
42
42
43
42
42
42
42
42
42
42
42
43
42
42
42
43
42
42
42
42
42
43
42
43
42
43
42
42
43
42
43
42
42
42
42
41
42
43
42
42
42
42
42
43
43
41
42
42
42
42
42
42
42
42
42
42
42
42
42
42
41
43
42
41
42
43
42
41
43
42
42
43
42
42
42
43
42
41
43
42
42
42
41
41
42
41
42
42
41
42
41
41
41
41
41
41
41
42
42
41
42
42
42
43
43
42
42
41
41
42
42
42
42
42
41
42
41
41
41
42
41
41
41
41
41
42
41
42
41
42
41
42
41
41
41
41
41
41
42
41
41
42
41
41
41
41
40
41
41
41
41
42
41
41
42
41
42
41
41
41
41
41
41
